1.000000000000000000e+00 5.722150000000000000e+06 3.481985600000000000e+07
5.722150000000000000e+06 1.435446000000000000e+07 3.481985600000000000e+07
1.435446000000000000e+07 1.976659600000000000e+07 3.481985600000000000e+07
1.976659600000000000e+07 2.464073800000000000e+07 3.481985600000000000e+07
2.464073800000000000e+07 3.020585100000000000e+07 3.481985600000000000e+07
3.020585100000000000e+07 3.481985600000000000e+07 3.481985600000000000e+07
3.575000100000000000e+07 4.610340500000000000e+07 1.338349480000000000e+08
4.610340500000000000e+07 5.889046200000000000e+07 1.338349480000000000e+08
5.889046200000000000e+07 6.233387300000000000e+07 1.338349480000000000e+08
6.233387300000000000e+07 6.799753300000000000e+07 1.338349480000000000e+08
6.799753300000000000e+07 7.378446400000000000e+07 1.338349480000000000e+08
7.378446400000000000e+07 7.769981900000000000e+07 1.338349480000000000e+08
7.769981900000000000e+07 8.234637200000000000e+07 1.338349480000000000e+08
8.234637200000000000e+07 8.616438600000000000e+07 1.338349480000000000e+08
8.616438600000000000e+07 9.024178500000000000e+07 1.338349480000000000e+08
9.024178500000000000e+07 9.370741500000000000e+07 1.338349480000000000e+08
9.370741500000000000e+07 9.827785500000000000e+07 1.338349480000000000e+08
9.827785500000000000e+07 1.057912600000000000e+08 1.338349480000000000e+08
1.057912600000000000e+08 1.140551120000000000e+08 1.338349480000000000e+08
1.140551120000000000e+08 1.181830130000000000e+08 1.338349480000000000e+08
1.181830130000000000e+08 1.267380680000000000e+08 1.338349480000000000e+08
1.267380680000000000e+08 1.297481390000000000e+08 1.338349480000000000e+08
1.297481390000000000e+08 1.338349480000000000e+08 1.338349480000000000e+08
