1.000000000000000000e+00 4.472709000000000000e+06 4.375664000000000000e+07
4.472709000000000000e+06 9.157703000000000000e+06 4.375664000000000000e+07
9.157703000000000000e+06 1.474176300000000000e+07 4.375664000000000000e+07
1.474176300000000000e+07 1.942752100000000000e+07 4.375664000000000000e+07
1.942752100000000000e+07 2.394587800000000000e+07 4.375664000000000000e+07
2.394587800000000000e+07 2.984855900000000000e+07 4.375664000000000000e+07
2.984855900000000000e+07 3.412527200000000000e+07 4.375664000000000000e+07
3.412527200000000000e+07 3.830876600000000000e+07 4.375664000000000000e+07
3.830876600000000000e+07 4.375664000000000000e+07 4.375664000000000000e+07
4.560000100000000000e+07 5.315796600000000000e+07 1.442665270000000000e+08
5.315796600000000000e+07 5.814931600000000000e+07 1.442665270000000000e+08
5.814931600000000000e+07 6.198873200000000000e+07 1.442665270000000000e+08
6.198873200000000000e+07 6.601311100000000000e+07 1.442665270000000000e+08
6.601311100000000000e+07 7.256123900000000000e+07 1.442665270000000000e+08
7.256123900000000000e+07 7.693543700000000000e+07 1.442665270000000000e+08
7.693543700000000000e+07 8.033413600000000000e+07 1.442665270000000000e+08
8.033413600000000000e+07 8.458858000000000000e+07 1.442665270000000000e+08
8.458858000000000000e+07 9.033964100000000000e+07 1.442665270000000000e+08
9.033964100000000000e+07 9.508331300000000000e+07 1.442665270000000000e+08
9.508331300000000000e+07 1.024055780000000000e+08 1.442665270000000000e+08
1.024055780000000000e+08 1.079600150000000000e+08 1.442665270000000000e+08
1.079600150000000000e+08 1.123818700000000000e+08 1.442665270000000000e+08
1.123818700000000000e+08 1.168175740000000000e+08 1.442665270000000000e+08
1.168175740000000000e+08 1.205071870000000000e+08 1.442665270000000000e+08
1.205071870000000000e+08 1.249376550000000000e+08 1.442665270000000000e+08
1.249376550000000000e+08 1.286826650000000000e+08 1.442665270000000000e+08
1.286826650000000000e+08 1.323422290000000000e+08 1.442665270000000000e+08
1.323422290000000000e+08 1.362784080000000000e+08 1.442665270000000000e+08
1.362784080000000000e+08 1.394302070000000000e+08 1.442665270000000000e+08
1.394302070000000000e+08 1.442665270000000000e+08 1.442665270000000000e+08
