1.000000000000000000e+00 1.103762200000000000e+07 4.948336000000000000e+07
1.103762200000000000e+07 1.570278100000000000e+07 4.948336000000000000e+07
1.570278100000000000e+07 2.187770600000000000e+07 4.948336000000000000e+07
2.187770600000000000e+07 2.559275600000000000e+07 4.948336000000000000e+07
2.559275600000000000e+07 2.958686000000000000e+07 4.948336000000000000e+07
2.958686000000000000e+07 3.593287000000000000e+07 4.948336000000000000e+07
3.593287000000000000e+07 3.920121600000000000e+07 4.948336000000000000e+07
3.920121600000000000e+07 4.210724100000000000e+07 4.948336000000000000e+07
4.210724100000000000e+07 4.948336000000000000e+07 4.948336000000000000e+07
5.365000100000000000e+07 7.223273300000000000e+07 1.349340370000000000e+08
7.223273300000000000e+07 8.024542600000000000e+07 1.349340370000000000e+08
8.024542600000000000e+07 8.442750400000000000e+07 1.349340370000000000e+08
8.442750400000000000e+07 9.115890900000000000e+07 1.349340370000000000e+08
9.115890900000000000e+07 9.533513400000000000e+07 1.349340370000000000e+08
9.533513400000000000e+07 9.882839500000000000e+07 1.349340370000000000e+08
9.882839500000000000e+07 1.041089690000000000e+08 1.349340370000000000e+08
1.041089690000000000e+08 1.097310060000000000e+08 1.349340370000000000e+08
1.097310060000000000e+08 1.147654460000000000e+08 1.349340370000000000e+08
1.147654460000000000e+08 1.198346310000000000e+08 1.349340370000000000e+08
1.198346310000000000e+08 1.251936150000000000e+08 1.349340370000000000e+08
1.251936150000000000e+08 1.294061390000000000e+08 1.349340370000000000e+08
1.294061390000000000e+08 1.330060960000000000e+08 1.349340370000000000e+08
1.330060960000000000e+08 1.349340370000000000e+08 1.349340370000000000e+08
