1.000000000000000000e+00 7.416373000000000000e+06 2.659613400000000000e+07
7.416373000000000000e+06 1.254267800000000000e+07 2.659613400000000000e+07
1.254267800000000000e+07 1.941965900000000000e+07 2.659613400000000000e+07
1.941965900000000000e+07 2.659613400000000000e+07 2.659613400000000000e+07
3.660000100000000000e+07 5.192195000000000000e+07 8.847579400000000000e+07
5.192195000000000000e+07 5.545229500000000000e+07 8.847579400000000000e+07
5.545229500000000000e+07 6.092614100000000000e+07 8.847579400000000000e+07
6.092614100000000000e+07 6.397974000000000000e+07 8.847579400000000000e+07
6.397974000000000000e+07 6.954559200000000000e+07 8.847579400000000000e+07
6.954559200000000000e+07 7.676875600000000000e+07 8.847579400000000000e+07
7.676875600000000000e+07 7.988439700000000000e+07 8.847579400000000000e+07
7.988439700000000000e+07 8.373216500000000000e+07 8.847579400000000000e+07
8.373216500000000000e+07 8.847579400000000000e+07 8.847579400000000000e+07
