1.000000000000000000e+00 6.358831000000000000e+06 2.625835500000000000e+07
6.358831000000000000e+06 9.711624000000000000e+06 2.625835500000000000e+07
9.711624000000000000e+06 1.270094200000000000e+07 2.625835500000000000e+07
1.270094200000000000e+07 1.717651000000000000e+07 2.625835500000000000e+07
1.717651000000000000e+07 2.243372600000000000e+07 2.625835500000000000e+07
2.243372600000000000e+07 2.625835500000000000e+07 2.625835500000000000e+07
2.750000100000000000e+07 3.928542400000000000e+07 6.291767700000000000e+07
3.928542400000000000e+07 4.610547900000000000e+07 6.291767700000000000e+07
4.610547900000000000e+07 5.151619500000000000e+07 6.291767700000000000e+07
5.151619500000000000e+07 5.479297300000000000e+07 6.291767700000000000e+07
5.479297300000000000e+07 5.895306500000000000e+07 6.291767700000000000e+07
5.895306500000000000e+07 6.291767700000000000e+07 6.291767700000000000e+07
