1.000000000000000000e+00 2.794067900000000000e+07 1.023999060000000000e+08
2.794067900000000000e+07 3.558523700000000000e+07 1.023999060000000000e+08
3.558523700000000000e+07 3.924118200000000000e+07 1.023999060000000000e+08
3.924118200000000000e+07 4.779232500000000000e+07 1.023999060000000000e+08
4.779232500000000000e+07 5.634409100000000000e+07 1.023999060000000000e+08
5.634409100000000000e+07 6.176047400000000000e+07 1.023999060000000000e+08
6.176047400000000000e+07 6.987679300000000000e+07 1.023999060000000000e+08
6.987679300000000000e+07 7.951222200000000000e+07 1.023999060000000000e+08
7.951222200000000000e+07 8.750373000000000000e+07 1.023999060000000000e+08
8.750373000000000000e+07 9.254780300000000000e+07 1.023999060000000000e+08
9.254780300000000000e+07 9.595150700000000000e+07 1.023999060000000000e+08
9.595150700000000000e+07 9.863020000000000000e+07 1.023999060000000000e+08
9.863020000000000000e+07 1.023999060000000000e+08 1.023999060000000000e+08
