1.000000000000000000e+00 4.297714000000000000e+06 5.872765600000000000e+07
4.297714000000000000e+06 8.889593000000000000e+06 5.872765600000000000e+07
8.889593000000000000e+06 1.272979100000000000e+07 5.872765600000000000e+07
1.272979100000000000e+07 1.646610900000000000e+07 5.872765600000000000e+07
1.646610900000000000e+07 2.112746800000000000e+07 5.872765600000000000e+07
2.112746800000000000e+07 2.434853900000000000e+07 5.872765600000000000e+07
2.434853900000000000e+07 3.996021700000000000e+07 5.872765600000000000e+07
3.996021700000000000e+07 4.583739300000000000e+07 5.872765600000000000e+07
4.583739300000000000e+07 5.113344400000000000e+07 5.872765600000000000e+07
5.113344400000000000e+07 5.872765600000000000e+07 5.872765600000000000e+07
6.100000100000000000e+07 6.815172900000000000e+07 1.708138440000000000e+08
6.815172900000000000e+07 7.357786100000000000e+07 1.708138440000000000e+08
7.357786100000000000e+07 7.894384200000000000e+07 1.708138440000000000e+08
7.894384200000000000e+07 8.333550600000000000e+07 1.708138440000000000e+08
8.333550600000000000e+07 8.909709300000000000e+07 1.708138440000000000e+08
8.909709300000000000e+07 9.312273000000000000e+07 1.708138440000000000e+08
9.312273000000000000e+07 9.650309800000000000e+07 1.708138440000000000e+08
9.650309800000000000e+07 1.007458290000000000e+08 1.708138440000000000e+08
1.007458290000000000e+08 1.047682040000000000e+08 1.708138440000000000e+08
1.047682040000000000e+08 1.122317210000000000e+08 1.708138440000000000e+08
1.122317210000000000e+08 1.155375430000000000e+08 1.708138440000000000e+08
1.155375430000000000e+08 1.218212680000000000e+08 1.708138440000000000e+08
1.218212680000000000e+08 1.258714510000000000e+08 1.708138440000000000e+08
1.258714510000000000e+08 1.324413270000000000e+08 1.708138440000000000e+08
1.324413270000000000e+08 1.377181480000000000e+08 1.708138440000000000e+08
1.377181480000000000e+08 1.414167950000000000e+08 1.708138440000000000e+08
1.414167950000000000e+08 1.470233910000000000e+08 1.708138440000000000e+08
1.470233910000000000e+08 1.515790670000000000e+08 1.708138440000000000e+08
1.515790670000000000e+08 1.565948430000000000e+08 1.708138440000000000e+08
1.565948430000000000e+08 1.629425680000000000e+08 1.708138440000000000e+08
1.629425680000000000e+08 1.663970990000000000e+08 1.708138440000000000e+08
1.663970990000000000e+08 1.708138440000000000e+08 1.708138440000000000e+08
