1.000000000000000000e+00 7.047600000000000000e+06 1.182981440000000000e+08
7.047600000000000000e+06 1.467236900000000000e+07 1.182981440000000000e+08
1.467236900000000000e+07 2.168837400000000000e+07 1.182981440000000000e+08
2.168837400000000000e+07 3.099773800000000000e+07 1.182981440000000000e+08
3.099773800000000000e+07 3.889778400000000000e+07 1.182981440000000000e+08
3.889778400000000000e+07 4.858701600000000000e+07 1.182981440000000000e+08
4.858701600000000000e+07 5.782888400000000000e+07 1.182981440000000000e+08
5.782888400000000000e+07 6.123169300000000000e+07 1.182981440000000000e+08
6.123169300000000000e+07 6.651616300000000000e+07 1.182981440000000000e+08
6.651616300000000000e+07 7.183600100000000000e+07 1.182981440000000000e+08
7.183600100000000000e+07 7.671826300000000000e+07 1.182981440000000000e+08
7.671826300000000000e+07 8.098565300000000000e+07 1.182981440000000000e+08
8.098565300000000000e+07 8.412238400000000000e+07 1.182981440000000000e+08
8.412238400000000000e+07 9.033606000000000000e+07 1.182981440000000000e+08
9.033606000000000000e+07 9.659500600000000000e+07 1.182981440000000000e+08
9.659500600000000000e+07 1.021637280000000000e+08 1.182981440000000000e+08
1.021637280000000000e+08 1.062154740000000000e+08 1.182981440000000000e+08
1.062154740000000000e+08 1.114209700000000000e+08 1.182981440000000000e+08
1.114209700000000000e+08 1.182981440000000000e+08 1.182981440000000000e+08
1.252000010000000000e+08 1.630459560000000000e+08 2.492243120000000000e+08
1.630459560000000000e+08 1.665725870000000000e+08 2.492243120000000000e+08
1.665725870000000000e+08 1.754423390000000000e+08 2.492243120000000000e+08
1.754423390000000000e+08 1.821859970000000000e+08 2.492243120000000000e+08
1.821859970000000000e+08 1.882801330000000000e+08 2.492243120000000000e+08
1.882801330000000000e+08 1.916489880000000000e+08 2.492243120000000000e+08
1.916489880000000000e+08 1.952561210000000000e+08 2.492243120000000000e+08
1.952561210000000000e+08 2.008590190000000000e+08 2.492243120000000000e+08
2.008590190000000000e+08 2.088435410000000000e+08 2.492243120000000000e+08
2.088435410000000000e+08 2.143399350000000000e+08 2.492243120000000000e+08
2.143399350000000000e+08 2.191641150000000000e+08 2.492243120000000000e+08
2.191641150000000000e+08 2.233555270000000000e+08 2.492243120000000000e+08
2.233555270000000000e+08 2.305977190000000000e+08 2.492243120000000000e+08
2.305977190000000000e+08 2.357868900000000000e+08 2.492243120000000000e+08
2.357868900000000000e+08 2.401086450000000000e+08 2.492243120000000000e+08
2.401086450000000000e+08 2.452601070000000000e+08 2.492243120000000000e+08
2.452601070000000000e+08 2.492243120000000000e+08 2.492243120000000000e+08
