1.000000000000000000e+00 4.398199000000000000e+06 9.226678100000000000e+07
4.398199000000000000e+06 7.300616000000000000e+06 9.226678100000000000e+07
7.300616000000000000e+06 1.162150300000000000e+07 9.226678100000000000e+07
1.162150300000000000e+07 1.472131800000000000e+07 9.226678100000000000e+07
1.472131800000000000e+07 1.850821100000000000e+07 9.226678100000000000e+07
1.850821100000000000e+07 2.195870200000000000e+07 9.226678100000000000e+07
2.195870200000000000e+07 2.928402800000000000e+07 9.226678100000000000e+07
2.928402800000000000e+07 3.538036900000000000e+07 9.226678100000000000e+07
3.538036900000000000e+07 4.076279100000000000e+07 9.226678100000000000e+07
4.076279100000000000e+07 4.557918500000000000e+07 9.226678100000000000e+07
4.557918500000000000e+07 5.112663000000000000e+07 9.226678100000000000e+07
5.112663000000000000e+07 5.595694700000000000e+07 9.226678100000000000e+07
5.595694700000000000e+07 5.927255400000000000e+07 9.226678100000000000e+07
5.927255400000000000e+07 6.495502300000000000e+07 9.226678100000000000e+07
6.495502300000000000e+07 6.834202800000000000e+07 9.226678100000000000e+07
6.834202800000000000e+07 7.672359300000000000e+07 9.226678100000000000e+07
7.672359300000000000e+07 7.982170100000000000e+07 9.226678100000000000e+07
7.982170100000000000e+07 8.289443200000000000e+07 9.226678100000000000e+07
8.289443200000000000e+07 9.226678100000000000e+07 9.226678100000000000e+07
9.365000100000000000e+07 1.050235080000000000e+08 2.430178750000000000e+08
1.050235080000000000e+08 1.095772910000000000e+08 2.430178750000000000e+08
1.095772910000000000e+08 1.172311070000000000e+08 2.430178750000000000e+08
1.172311070000000000e+08 1.215450970000000000e+08 2.430178750000000000e+08
1.215450970000000000e+08 1.246756900000000000e+08 2.430178750000000000e+08
1.246756900000000000e+08 1.293129800000000000e+08 2.430178750000000000e+08
1.293129800000000000e+08 1.347797440000000000e+08 2.430178750000000000e+08
1.347797440000000000e+08 1.391663460000000000e+08 2.430178750000000000e+08
1.391663460000000000e+08 1.431810530000000000e+08 2.430178750000000000e+08
1.431810530000000000e+08 1.467978960000000000e+08 2.430178750000000000e+08
1.467978960000000000e+08 1.505672800000000000e+08 2.430178750000000000e+08
1.505672800000000000e+08 1.553707390000000000e+08 2.430178750000000000e+08
1.553707390000000000e+08 1.598309010000000000e+08 2.430178750000000000e+08
1.598309010000000000e+08 1.655095900000000000e+08 2.430178750000000000e+08
1.655095900000000000e+08 1.724940670000000000e+08 2.430178750000000000e+08
1.724940670000000000e+08 1.778278440000000000e+08 2.430178750000000000e+08
1.778278440000000000e+08 1.834514560000000000e+08 2.430178750000000000e+08
1.834514560000000000e+08 1.891134320000000000e+08 2.430178750000000000e+08
1.891134320000000000e+08 1.943071680000000000e+08 2.430178750000000000e+08
1.943071680000000000e+08 1.993035430000000000e+08 2.430178750000000000e+08
1.993035430000000000e+08 2.057565620000000000e+08 2.430178750000000000e+08
2.057565620000000000e+08 2.120444160000000000e+08 2.430178750000000000e+08
2.120444160000000000e+08 2.168267570000000000e+08 2.430178750000000000e+08
2.168267570000000000e+08 2.215477420000000000e+08 2.430178750000000000e+08
2.215477420000000000e+08 2.251756650000000000e+08 2.430178750000000000e+08
2.251756650000000000e+08 2.299001360000000000e+08 2.430178750000000000e+08
2.299001360000000000e+08 2.365869450000000000e+08 2.430178750000000000e+08
2.365869450000000000e+08 2.430178750000000000e+08 2.430178750000000000e+08
