1.000000000000000000e+00 4.219759000000000000e+06 1.323530100000000000e+07
4.219759000000000000e+06 8.166901000000000000e+06 1.323530100000000000e+07
8.166901000000000000e+06 1.323530100000000000e+07 1.323530100000000000e+07
1.720000100000000000e+07 2.433907400000000000e+07 7.610408400000000000e+07
2.433907400000000000e+07 2.750083000000000000e+07 7.610408400000000000e+07
2.750083000000000000e+07 3.403771700000000000e+07 7.610408400000000000e+07
3.403771700000000000e+07 3.740770500000000000e+07 7.610408400000000000e+07
3.740770500000000000e+07 4.014169100000000000e+07 7.610408400000000000e+07
4.014169100000000000e+07 4.398838100000000000e+07 7.610408400000000000e+07
4.398838100000000000e+07 4.926170300000000000e+07 7.610408400000000000e+07
4.926170300000000000e+07 5.388308000000000000e+07 7.610408400000000000e+07
5.388308000000000000e+07 5.841095600000000000e+07 7.610408400000000000e+07
5.841095600000000000e+07 6.257366400000000000e+07 7.610408400000000000e+07
6.257366400000000000e+07 6.566519900000000000e+07 7.610408400000000000e+07
6.566519900000000000e+07 6.944923400000000000e+07 7.610408400000000000e+07
6.944923400000000000e+07 7.305208900000000000e+07 7.610408400000000000e+07
7.305208900000000000e+07 7.610408400000000000e+07 7.610408400000000000e+07
