1.000000000000000000e+00 8.574811000000000000e+06 4.748619200000000000e+07
8.574811000000000000e+06 1.301393400000000000e+07 4.748619200000000000e+07
1.301393400000000000e+07 1.696009900000000000e+07 4.748619200000000000e+07
1.696009900000000000e+07 2.024349400000000000e+07 4.748619200000000000e+07
2.024349400000000000e+07 2.357747800000000000e+07 4.748619200000000000e+07
2.357747800000000000e+07 2.777715200000000000e+07 4.748619200000000000e+07
2.777715200000000000e+07 3.057807400000000000e+07 4.748619200000000000e+07
3.057807400000000000e+07 3.358778300000000000e+07 4.748619200000000000e+07
3.358778300000000000e+07 3.692676900000000000e+07 4.748619200000000000e+07
3.692676900000000000e+07 4.331745200000000000e+07 4.748619200000000000e+07
4.331745200000000000e+07 4.748619200000000000e+07 4.748619200000000000e+07
5.045000100000000000e+07 5.833233500000000000e+07 1.908045360000000000e+08
5.833233500000000000e+07 6.140716400000000000e+07 1.908045360000000000e+08
6.140716400000000000e+07 6.489784700000000000e+07 1.908045360000000000e+08
6.489784700000000000e+07 6.970520000000000000e+07 1.908045360000000000e+08
6.970520000000000000e+07 7.855033200000000000e+07 1.908045360000000000e+08
7.855033200000000000e+07 8.363539800000000000e+07 1.908045360000000000e+08
8.363539800000000000e+07 9.031119900000000000e+07 1.908045360000000000e+08
9.031119900000000000e+07 9.566252700000000000e+07 1.908045360000000000e+08
9.566252700000000000e+07 1.006053130000000000e+08 1.908045360000000000e+08
1.006053130000000000e+08 1.059334840000000000e+08 1.908045360000000000e+08
1.059334840000000000e+08 1.118236740000000000e+08 1.908045360000000000e+08
1.118236740000000000e+08 1.162623440000000000e+08 1.908045360000000000e+08
1.162623440000000000e+08 1.207230900000000000e+08 1.908045360000000000e+08
1.207230900000000000e+08 1.256916290000000000e+08 1.908045360000000000e+08
1.256916290000000000e+08 1.294876160000000000e+08 1.908045360000000000e+08
1.294876160000000000e+08 1.330990610000000000e+08 1.908045360000000000e+08
1.330990610000000000e+08 1.362018980000000000e+08 1.908045360000000000e+08
1.362018980000000000e+08 1.392568900000000000e+08 1.908045360000000000e+08
1.392568900000000000e+08 1.438842470000000000e+08 1.908045360000000000e+08
1.438842470000000000e+08 1.501594590000000000e+08 1.908045360000000000e+08
1.501594590000000000e+08 1.559472220000000000e+08 1.908045360000000000e+08
1.559472220000000000e+08 1.605706590000000000e+08 1.908045360000000000e+08
1.605706590000000000e+08 1.643026880000000000e+08 1.908045360000000000e+08
1.643026880000000000e+08 1.685662380000000000e+08 1.908045360000000000e+08
1.685662380000000000e+08 1.728487240000000000e+08 1.908045360000000000e+08
1.728487240000000000e+08 1.769714470000000000e+08 1.908045360000000000e+08
1.769714470000000000e+08 1.802145450000000000e+08 1.908045360000000000e+08
1.802145450000000000e+08 1.828785860000000000e+08 1.908045360000000000e+08
1.828785860000000000e+08 1.876439500000000000e+08 1.908045360000000000e+08
1.876439500000000000e+08 1.908045360000000000e+08 1.908045360000000000e+08
