1.000000000000000000e+00 4.155261000000000000e+06 4.515314100000000000e+07
4.155261000000000000e+06 7.376965000000000000e+06 4.515314100000000000e+07
7.376965000000000000e+06 1.169534400000000000e+07 4.515314100000000000e+07
1.169534400000000000e+07 1.538655700000000000e+07 4.515314100000000000e+07
1.538655700000000000e+07 1.917176700000000000e+07 4.515314100000000000e+07
1.917176700000000000e+07 2.328838600000000000e+07 4.515314100000000000e+07
2.328838600000000000e+07 2.651674100000000000e+07 4.515314100000000000e+07
2.651674100000000000e+07 2.970712700000000000e+07 4.515314100000000000e+07
2.970712700000000000e+07 3.381037000000000000e+07 4.515314100000000000e+07
3.381037000000000000e+07 4.003329000000000000e+07 4.515314100000000000e+07
4.003329000000000000e+07 4.515314100000000000e+07 4.515314100000000000e+07
4.840000100000000000e+07 5.402970100000000000e+07 1.782636280000000000e+08
5.402970100000000000e+07 5.919911600000000000e+07 1.782636280000000000e+08
5.919911600000000000e+07 6.562584500000000000e+07 1.782636280000000000e+08
6.562584500000000000e+07 7.168486600000000000e+07 1.782636280000000000e+08
7.168486600000000000e+07 7.761578800000000000e+07 1.782636280000000000e+08
7.761578800000000000e+07 8.407682000000000000e+07 1.782636280000000000e+08
8.407682000000000000e+07 8.777223900000000000e+07 1.782636280000000000e+08
8.777223900000000000e+07 9.146744800000000000e+07 1.782636280000000000e+08
9.146744800000000000e+07 9.661733700000000000e+07 1.782636280000000000e+08
9.661733700000000000e+07 1.009714360000000000e+08 1.782636280000000000e+08
1.009714360000000000e+08 1.046592130000000000e+08 1.782636280000000000e+08
1.046592130000000000e+08 1.078837350000000000e+08 1.782636280000000000e+08
1.078837350000000000e+08 1.136513470000000000e+08 1.782636280000000000e+08
1.136513470000000000e+08 1.175908750000000000e+08 1.782636280000000000e+08
1.175908750000000000e+08 1.216409670000000000e+08 1.782636280000000000e+08
1.216409670000000000e+08 1.253506660000000000e+08 1.782636280000000000e+08
1.253506660000000000e+08 1.326456690000000000e+08 1.782636280000000000e+08
1.326456690000000000e+08 1.411324260000000000e+08 1.782636280000000000e+08
1.411324260000000000e+08 1.449997410000000000e+08 1.782636280000000000e+08
1.449997410000000000e+08 1.520470230000000000e+08 1.782636280000000000e+08
1.520470230000000000e+08 1.566250060000000000e+08 1.782636280000000000e+08
1.566250060000000000e+08 1.616973410000000000e+08 1.782636280000000000e+08
1.616973410000000000e+08 1.646676530000000000e+08 1.782636280000000000e+08
1.646676530000000000e+08 1.672717690000000000e+08 1.782636280000000000e+08
1.672717690000000000e+08 1.727586010000000000e+08 1.782636280000000000e+08
1.727586010000000000e+08 1.782636280000000000e+08 1.782636280000000000e+08
