1.000000000000000000e+00 2.620205000000000000e+07 1.070010840000000000e+08
2.620205000000000000e+07 2.929481400000000000e+07 1.070010840000000000e+08
2.929481400000000000e+07 3.375531300000000000e+07 1.070010840000000000e+08
3.375531300000000000e+07 3.878734800000000000e+07 1.070010840000000000e+08
3.878734800000000000e+07 4.261026800000000000e+07 1.070010840000000000e+08
4.261026800000000000e+07 4.630992700000000000e+07 1.070010840000000000e+08
4.630992700000000000e+07 5.085661800000000000e+07 1.070010840000000000e+08
5.085661800000000000e+07 5.646772300000000000e+07 1.070010840000000000e+08
5.646772300000000000e+07 6.278795400000000000e+07 1.070010840000000000e+08
6.278795400000000000e+07 7.165309000000000000e+07 1.070010840000000000e+08
7.165309000000000000e+07 7.926392700000000000e+07 1.070010840000000000e+08
7.926392700000000000e+07 8.327563800000000000e+07 1.070010840000000000e+08
8.327563800000000000e+07 8.592173400000000000e+07 1.070010840000000000e+08
8.592173400000000000e+07 8.961073400000000000e+07 1.070010840000000000e+08
8.961073400000000000e+07 9.633960600000000000e+07 1.070010840000000000e+08
9.633960600000000000e+07 9.935825700000000000e+07 1.070010840000000000e+08
9.935825700000000000e+07 1.070010840000000000e+08 1.070010840000000000e+08
