1.000000000000000000e+00 3.104863000000000000e+06 8.905402900000000000e+07
3.104863000000000000e+06 6.508129000000000000e+06 8.905402900000000000e+07
6.508129000000000000e+06 1.099957200000000000e+07 8.905402900000000000e+07
1.099957200000000000e+07 1.805325000000000000e+07 8.905402900000000000e+07
1.805325000000000000e+07 2.188503400000000000e+07 8.905402900000000000e+07
2.188503400000000000e+07 2.531843400000000000e+07 8.905402900000000000e+07
2.531843400000000000e+07 2.927301100000000000e+07 8.905402900000000000e+07
2.927301100000000000e+07 3.407416800000000000e+07 8.905402900000000000e+07
3.407416800000000000e+07 3.997771200000000000e+07 8.905402900000000000e+07
3.997771200000000000e+07 5.447136700000000000e+07 8.905402900000000000e+07
5.447136700000000000e+07 6.029536800000000000e+07 8.905402900000000000e+07
6.029536800000000000e+07 6.423985600000000000e+07 8.905402900000000000e+07
6.423985600000000000e+07 6.816708700000000000e+07 8.905402900000000000e+07
6.816708700000000000e+07 7.170248200000000000e+07 8.905402900000000000e+07
7.170248200000000000e+07 7.508539800000000000e+07 8.905402900000000000e+07
7.508539800000000000e+07 7.885701100000000000e+07 8.905402900000000000e+07
7.885701100000000000e+07 8.227171600000000000e+07 8.905402900000000000e+07
8.227171600000000000e+07 8.520100900000000000e+07 8.905402900000000000e+07
8.520100900000000000e+07 8.905402900000000000e+07 8.905402900000000000e+07
9.090000100000000000e+07 9.841179100000000000e+07 1.972769600000000000e+08
9.841179100000000000e+07 1.035872470000000000e+08 1.972769600000000000e+08
1.035872470000000000e+08 1.068074440000000000e+08 1.972769600000000000e+08
1.068074440000000000e+08 1.111385470000000000e+08 1.972769600000000000e+08
1.111385470000000000e+08 1.163956620000000000e+08 1.972769600000000000e+08
1.163956620000000000e+08 1.223979440000000000e+08 1.972769600000000000e+08
1.223979440000000000e+08 1.319879340000000000e+08 1.972769600000000000e+08
1.319879340000000000e+08 1.375101360000000000e+08 1.972769600000000000e+08
1.375101360000000000e+08 1.439918790000000000e+08 1.972769600000000000e+08
1.439918790000000000e+08 1.473261430000000000e+08 1.972769600000000000e+08
1.473261430000000000e+08 1.518831030000000000e+08 1.972769600000000000e+08
1.518831030000000000e+08 1.565230060000000000e+08 1.972769600000000000e+08
1.565230060000000000e+08 1.624601130000000000e+08 1.972769600000000000e+08
1.624601130000000000e+08 1.660906800000000000e+08 1.972769600000000000e+08
1.660906800000000000e+08 1.704455120000000000e+08 1.972769600000000000e+08
1.704455120000000000e+08 1.746686170000000000e+08 1.972769600000000000e+08
1.746686170000000000e+08 1.778624290000000000e+08 1.972769600000000000e+08
1.778624290000000000e+08 1.820728600000000000e+08 1.972769600000000000e+08
1.820728600000000000e+08 1.881355810000000000e+08 1.972769600000000000e+08
1.881355810000000000e+08 1.917343710000000000e+08 1.972769600000000000e+08
1.917343710000000000e+08 1.972769600000000000e+08 1.972769600000000000e+08
