1.000000000000000000e+00 2.596679400000000000e+07 1.126107610000000000e+08
2.596679400000000000e+07 3.157406600000000000e+07 1.126107610000000000e+08
3.157406600000000000e+07 3.657455200000000000e+07 1.126107610000000000e+08
3.657455200000000000e+07 4.098400600000000000e+07 1.126107610000000000e+08
4.098400600000000000e+07 4.772720500000000000e+07 1.126107610000000000e+08
4.772720500000000000e+07 5.396822100000000000e+07 1.126107610000000000e+08
5.396822100000000000e+07 5.683185100000000000e+07 1.126107610000000000e+08
5.683185100000000000e+07 6.002537400000000000e+07 1.126107610000000000e+08
6.002537400000000000e+07 6.370431000000000000e+07 1.126107610000000000e+08
6.370431000000000000e+07 6.665131600000000000e+07 1.126107610000000000e+08
6.665131600000000000e+07 6.958816900000000000e+07 1.126107610000000000e+08
6.958816900000000000e+07 7.295001200000000000e+07 1.126107610000000000e+08
7.295001200000000000e+07 7.670771400000000000e+07 1.126107610000000000e+08
7.670771400000000000e+07 8.034237300000000000e+07 1.126107610000000000e+08
8.034237300000000000e+07 8.333665600000000000e+07 1.126107610000000000e+08
8.333665600000000000e+07 8.617312700000000000e+07 1.126107610000000000e+08
8.617312700000000000e+07 8.934523900000000000e+07 1.126107610000000000e+08
8.934523900000000000e+07 9.226434100000000000e+07 1.126107610000000000e+08
9.226434100000000000e+07 9.689322700000000000e+07 1.126107610000000000e+08
9.689322700000000000e+07 1.027004840000000000e+08 1.126107610000000000e+08
1.027004840000000000e+08 1.056861700000000000e+08 1.126107610000000000e+08
1.056861700000000000e+08 1.083959160000000000e+08 1.126107610000000000e+08
1.083959160000000000e+08 1.126107610000000000e+08 1.126107610000000000e+08
