1.000000000000000000e+00 4.080797000000000000e+06 3.647755800000000000e+07
4.080797000000000000e+06 8.519483000000000000e+06 3.647755800000000000e+07
8.519483000000000000e+06 1.117397000000000000e+07 3.647755800000000000e+07
1.117397000000000000e+07 1.768402500000000000e+07 3.647755800000000000e+07
1.768402500000000000e+07 2.396848600000000000e+07 3.647755800000000000e+07
2.396848600000000000e+07 3.037354100000000000e+07 3.647755800000000000e+07
3.037354100000000000e+07 3.647755800000000000e+07 3.647755800000000000e+07
4.015000100000000000e+07 5.334883900000000000e+07 1.336003010000000000e+08
5.334883900000000000e+07 5.749644000000000000e+07 1.336003010000000000e+08
5.749644000000000000e+07 6.148372400000000000e+07 1.336003010000000000e+08
6.148372400000000000e+07 6.635632000000000000e+07 1.336003010000000000e+08
6.635632000000000000e+07 7.280704200000000000e+07 1.336003010000000000e+08
7.280704200000000000e+07 8.001074900000000000e+07 1.336003010000000000e+08
8.001074900000000000e+07 8.406927900000000000e+07 1.336003010000000000e+08
8.406927900000000000e+07 8.797968600000000000e+07 1.336003010000000000e+08
8.797968600000000000e+07 9.572484700000000000e+07 1.336003010000000000e+08
9.572484700000000000e+07 1.078595240000000000e+08 1.336003010000000000e+08
1.078595240000000000e+08 1.109829350000000000e+08 1.336003010000000000e+08
1.109829350000000000e+08 1.151568360000000000e+08 1.336003010000000000e+08
1.151568360000000000e+08 1.218743420000000000e+08 1.336003010000000000e+08
1.218743420000000000e+08 1.265751890000000000e+08 1.336003010000000000e+08
1.265751890000000000e+08 1.305142230000000000e+08 1.336003010000000000e+08
1.305142230000000000e+08 1.336003010000000000e+08 1.336003010000000000e+08
