1.000000000000000000e+00 3.922927000000000000e+06 4.490612200000000000e+07
3.922927000000000000e+06 9.107432000000000000e+06 4.490612200000000000e+07
9.107432000000000000e+06 1.188276100000000000e+07 4.490612200000000000e+07
1.188276100000000000e+07 1.621017000000000000e+07 4.490612200000000000e+07
1.621017000000000000e+07 2.157524900000000000e+07 4.490612200000000000e+07
2.157524900000000000e+07 2.502647200000000000e+07 4.490612200000000000e+07
2.502647200000000000e+07 2.842116300000000000e+07 4.490612200000000000e+07
2.842116300000000000e+07 3.124295800000000000e+07 4.490612200000000000e+07
3.124295800000000000e+07 4.490612200000000000e+07 4.490612200000000000e+07
4.900000100000000000e+07 7.657272200000000000e+07 1.409719330000000000e+08
7.657272200000000000e+07 8.158596600000000000e+07 1.409719330000000000e+08
8.158596600000000000e+07 8.481589700000000000e+07 1.409719330000000000e+08
8.481589700000000000e+07 8.953247000000000000e+07 1.409719330000000000e+08
8.953247000000000000e+07 9.386580600000000000e+07 1.409719330000000000e+08
9.386580600000000000e+07 1.036129210000000000e+08 1.409719330000000000e+08
1.036129210000000000e+08 1.077566300000000000e+08 1.409719330000000000e+08
1.077566300000000000e+08 1.113106840000000000e+08 1.409719330000000000e+08
1.113106840000000000e+08 1.185000740000000000e+08 1.409719330000000000e+08
1.185000740000000000e+08 1.217817880000000000e+08 1.409719330000000000e+08
1.217817880000000000e+08 1.319798090000000000e+08 1.409719330000000000e+08
1.319798090000000000e+08 1.409719330000000000e+08 1.409719330000000000e+08
