1.000000000000000000e+00 8.591636000000000000e+06 5.515098200000000000e+07
8.591636000000000000e+06 1.196127900000000000e+07 5.515098200000000000e+07
1.196127900000000000e+07 1.591385500000000000e+07 5.515098200000000000e+07
1.591385500000000000e+07 2.001529800000000000e+07 5.515098200000000000e+07
2.001529800000000000e+07 2.553279100000000000e+07 5.515098200000000000e+07
2.553279100000000000e+07 3.024977700000000000e+07 5.515098200000000000e+07
3.024977700000000000e+07 3.681637500000000000e+07 5.515098200000000000e+07
3.681637500000000000e+07 4.166075700000000000e+07 5.515098200000000000e+07
4.166075700000000000e+07 4.688103100000000000e+07 5.515098200000000000e+07
4.688103100000000000e+07 5.200746300000000000e+07 5.515098200000000000e+07
5.200746300000000000e+07 5.515098200000000000e+07 5.515098200000000000e+07
5.985000100000000000e+07 7.153116300000000000e+07 1.574092000000000000e+08
7.153116300000000000e+07 8.063514000000000000e+07 1.574092000000000000e+08
8.063514000000000000e+07 8.482284600000000000e+07 1.574092000000000000e+08
8.482284600000000000e+07 8.944831900000000000e+07 1.574092000000000000e+08
8.944831900000000000e+07 9.597069000000000000e+07 1.574092000000000000e+08
9.597069000000000000e+07 1.055814190000000000e+08 1.574092000000000000e+08
1.055814190000000000e+08 1.101873110000000000e+08 1.574092000000000000e+08
1.101873110000000000e+08 1.151737760000000000e+08 1.574092000000000000e+08
1.151737760000000000e+08 1.196584550000000000e+08 1.574092000000000000e+08
1.196584550000000000e+08 1.254005720000000000e+08 1.574092000000000000e+08
1.254005720000000000e+08 1.323360070000000000e+08 1.574092000000000000e+08
1.323360070000000000e+08 1.393342450000000000e+08 1.574092000000000000e+08
1.393342450000000000e+08 1.462051790000000000e+08 1.574092000000000000e+08
1.462051790000000000e+08 1.529899910000000000e+08 1.574092000000000000e+08
1.529899910000000000e+08 1.574092000000000000e+08 1.574092000000000000e+08
