1.000000000000000000e+00 2.531465000000000000e+07 1.150810730000000000e+08
2.531465000000000000e+07 3.108104700000000000e+07 1.150810730000000000e+08
3.108104700000000000e+07 3.533112900000000000e+07 1.150810730000000000e+08
3.533112900000000000e+07 4.059866600000000000e+07 1.150810730000000000e+08
4.059866600000000000e+07 4.645441100000000000e+07 1.150810730000000000e+08
4.645441100000000000e+07 5.248646200000000000e+07 1.150810730000000000e+08
5.248646200000000000e+07 5.608381300000000000e+07 1.150810730000000000e+08
5.608381300000000000e+07 5.930923700000000000e+07 1.150810730000000000e+08
5.930923700000000000e+07 6.286392000000000000e+07 1.150810730000000000e+08
6.286392000000000000e+07 6.576776000000000000e+07 1.150810730000000000e+08
6.576776000000000000e+07 6.865031800000000000e+07 1.150810730000000000e+08
6.865031800000000000e+07 7.173707600000000000e+07 1.150810730000000000e+08
7.173707600000000000e+07 7.514544200000000000e+07 1.150810730000000000e+08
7.514544200000000000e+07 7.882421200000000000e+07 1.150810730000000000e+08
7.882421200000000000e+07 8.205395400000000000e+07 1.150810730000000000e+08
8.205395400000000000e+07 8.487005800000000000e+07 1.150810730000000000e+08
8.487005800000000000e+07 8.791849600000000000e+07 1.150810730000000000e+08
8.791849600000000000e+07 9.077496000000000000e+07 1.150810730000000000e+08
9.077496000000000000e+07 9.398953000000000000e+07 1.150810730000000000e+08
9.398953000000000000e+07 9.839889200000000000e+07 1.150810730000000000e+08
9.839889200000000000e+07 1.040588020000000000e+08 1.150810730000000000e+08
1.040588020000000000e+08 1.066772400000000000e+08 1.150810730000000000e+08
1.066772400000000000e+08 1.099363740000000000e+08 1.150810730000000000e+08
1.099363740000000000e+08 1.150810730000000000e+08 1.150810730000000000e+08
