1.000000000000000000e+00 4.031243000000000000e+06 4.448037600000000000e+07
4.031243000000000000e+06 7.124162000000000000e+06 4.448037600000000000e+07
7.124162000000000000e+06 1.132055000000000000e+07 4.448037600000000000e+07
1.132055000000000000e+07 1.502624800000000000e+07 4.448037600000000000e+07
1.502624800000000000e+07 1.868000900000000000e+07 4.448037600000000000e+07
1.868000900000000000e+07 2.276352200000000000e+07 4.448037600000000000e+07
2.276352200000000000e+07 2.585985200000000000e+07 4.448037600000000000e+07
2.585985200000000000e+07 2.892574200000000000e+07 4.448037600000000000e+07
2.892574200000000000e+07 3.251160300000000000e+07 4.448037600000000000e+07
3.251160300000000000e+07 3.867307300000000000e+07 4.448037600000000000e+07
3.867307300000000000e+07 4.448037600000000000e+07 4.448037600000000000e+07
4.840000100000000000e+07 5.396961700000000000e+07 1.807155720000000000e+08
5.396961700000000000e+07 5.898397500000000000e+07 1.807155720000000000e+08
5.898397500000000000e+07 6.440143500000000000e+07 1.807155720000000000e+08
6.440143500000000000e+07 7.124399000000000000e+07 1.807155720000000000e+08
7.124399000000000000e+07 7.652353700000000000e+07 1.807155720000000000e+08
7.652353700000000000e+07 8.345392100000000000e+07 1.807155720000000000e+08
8.345392100000000000e+07 8.693671900000000000e+07 1.807155720000000000e+08
8.693671900000000000e+07 9.094624200000000000e+07 1.807155720000000000e+08
9.094624200000000000e+07 9.547540900000000000e+07 1.807155720000000000e+08
9.547540900000000000e+07 9.952145200000000000e+07 1.807155720000000000e+08
9.952145200000000000e+07 1.039195390000000000e+08 1.807155720000000000e+08
1.039195390000000000e+08 1.066269570000000000e+08 1.807155720000000000e+08
1.066269570000000000e+08 1.118948490000000000e+08 1.807155720000000000e+08
1.118948490000000000e+08 1.166879910000000000e+08 1.807155720000000000e+08
1.166879910000000000e+08 1.203858700000000000e+08 1.807155720000000000e+08
1.203858700000000000e+08 1.243327110000000000e+08 1.807155720000000000e+08
1.243327110000000000e+08 1.291077170000000000e+08 1.807155720000000000e+08
1.291077170000000000e+08 1.359577230000000000e+08 1.807155720000000000e+08
1.359577230000000000e+08 1.436283520000000000e+08 1.807155720000000000e+08
1.436283520000000000e+08 1.483394850000000000e+08 1.807155720000000000e+08
1.483394850000000000e+08 1.545437220000000000e+08 1.807155720000000000e+08
1.545437220000000000e+08 1.589562670000000000e+08 1.807155720000000000e+08
1.589562670000000000e+08 1.631699930000000000e+08 1.807155720000000000e+08
1.631699930000000000e+08 1.657937590000000000e+08 1.807155720000000000e+08
1.657937590000000000e+08 1.688569090000000000e+08 1.807155720000000000e+08
1.688569090000000000e+08 1.740396790000000000e+08 1.807155720000000000e+08
1.740396790000000000e+08 1.807155720000000000e+08 1.807155720000000000e+08
