1.000000000000000000e+00 6.209254000000000000e+06 2.625835800000000000e+07
6.209254000000000000e+06 9.244399000000000000e+06 2.625835800000000000e+07
9.244399000000000000e+06 1.243834500000000000e+07 2.625835800000000000e+07
1.243834500000000000e+07 1.681987200000000000e+07 2.625835800000000000e+07
1.681987200000000000e+07 2.203705600000000000e+07 2.625835800000000000e+07
2.203705600000000000e+07 2.625835800000000000e+07 2.625835800000000000e+07
2.750000100000000000e+07 3.921724600000000000e+07 6.291767700000000000e+07
3.921724600000000000e+07 4.560892500000000000e+07 6.291767700000000000e+07
4.560892500000000000e+07 5.128484000000000000e+07 6.291767700000000000e+07
5.128484000000000000e+07 5.438171300000000000e+07 6.291767700000000000e+07
5.438171300000000000e+07 5.829662300000000000e+07 6.291767700000000000e+07
5.829662300000000000e+07 6.291767700000000000e+07 6.291767700000000000e+07
