1.000000000000000000e+00 4.108102000000000000e+06 1.171376000000000000e+07
4.108102000000000000e+06 7.689609000000000000e+06 1.171376000000000000e+07
7.689609000000000000e+06 1.171376000000000000e+07 1.171376000000000000e+07
1.720000100000000000e+07 2.426941400000000000e+07 7.766730200000000000e+07
2.426941400000000000e+07 2.736373000000000000e+07 7.766730200000000000e+07
2.736373000000000000e+07 3.332753800000000000e+07 7.766730200000000000e+07
3.332753800000000000e+07 3.717470800000000000e+07 7.766730200000000000e+07
3.717470800000000000e+07 3.983848500000000000e+07 7.766730200000000000e+07
3.983848500000000000e+07 4.301931400000000000e+07 7.766730200000000000e+07
4.301931400000000000e+07 4.880665400000000000e+07 7.766730200000000000e+07
4.880665400000000000e+07 5.341062800000000000e+07 7.766730200000000000e+07
5.341062800000000000e+07 5.775962300000000000e+07 7.766730200000000000e+07
5.775962300000000000e+07 6.187528000000000000e+07 7.766730200000000000e+07
6.187528000000000000e+07 6.485597800000000000e+07 7.766730200000000000e+07
6.485597800000000000e+07 6.860119700000000000e+07 7.766730200000000000e+07
6.860119700000000000e+07 7.136193000000000000e+07 7.766730200000000000e+07
7.136193000000000000e+07 7.504115100000000000e+07 7.766730200000000000e+07
7.504115100000000000e+07 7.766730200000000000e+07 7.766730200000000000e+07
