1.000000000000000000e+00 5.606552000000000000e+06 3.482066200000000000e+07
5.606552000000000000e+06 1.405988400000000000e+07 3.482066200000000000e+07
1.405988400000000000e+07 1.898370000000000000e+07 3.482066200000000000e+07
1.898370000000000000e+07 2.427667500000000000e+07 3.482066200000000000e+07
2.427667500000000000e+07 2.937391500000000000e+07 3.482066200000000000e+07
2.937391500000000000e+07 3.482066200000000000e+07 3.482066200000000000e+07
3.575000100000000000e+07 4.602041400000000000e+07 1.314444680000000000e+08
4.602041400000000000e+07 5.870402600000000000e+07 1.314444680000000000e+08
5.870402600000000000e+07 6.183096100000000000e+07 1.314444680000000000e+08
6.183096100000000000e+07 6.756066800000000000e+07 1.314444680000000000e+08
6.756066800000000000e+07 7.335479700000000000e+07 1.314444680000000000e+08
7.335479700000000000e+07 7.702228200000000000e+07 1.314444680000000000e+08
7.702228200000000000e+07 8.087906300000000000e+07 1.314444680000000000e+08
8.087906300000000000e+07 8.514839200000000000e+07 1.314444680000000000e+08
8.514839200000000000e+07 8.930883200000000000e+07 1.314444680000000000e+08
8.930883200000000000e+07 9.264687100000000000e+07 1.314444680000000000e+08
9.264687100000000000e+07 9.746957300000000000e+07 1.314444680000000000e+08
9.746957300000000000e+07 1.031359990000000000e+08 1.314444680000000000e+08
1.031359990000000000e+08 1.088268190000000000e+08 1.314444680000000000e+08
1.088268190000000000e+08 1.159930840000000000e+08 1.314444680000000000e+08
1.159930840000000000e+08 1.250983490000000000e+08 1.314444680000000000e+08
1.250983490000000000e+08 1.282441980000000000e+08 1.314444680000000000e+08
1.282441980000000000e+08 1.314444680000000000e+08 1.314444680000000000e+08
