1.000000000000000000e+00 3.777549000000000000e+06 3.809959200000000000e+07
3.777549000000000000e+06 8.956561000000000000e+06 3.809959200000000000e+07
8.956561000000000000e+06 1.160648000000000000e+07 3.809959200000000000e+07
1.160648000000000000e+07 1.510183000000000000e+07 3.809959200000000000e+07
1.510183000000000000e+07 2.025420500000000000e+07 3.809959200000000000e+07
2.025420500000000000e+07 2.448456600000000000e+07 3.809959200000000000e+07
2.448456600000000000e+07 2.790641900000000000e+07 3.809959200000000000e+07
2.790641900000000000e+07 3.059261200000000000e+07 3.809959200000000000e+07
3.059261200000000000e+07 3.809959200000000000e+07 3.809959200000000000e+07
4.900000100000000000e+07 7.649091900000000000e+07 1.376007220000000000e+08
7.649091900000000000e+07 8.143913600000000000e+07 1.376007220000000000e+08
8.143913600000000000e+07 8.439761100000000000e+07 1.376007220000000000e+08
8.439761100000000000e+07 8.925983300000000000e+07 1.376007220000000000e+08
8.925983300000000000e+07 9.332340200000000000e+07 1.376007220000000000e+08
9.332340200000000000e+07 1.021332060000000000e+08 1.376007220000000000e+08
1.021332060000000000e+08 1.065620280000000000e+08 1.376007220000000000e+08
1.065620280000000000e+08 1.107071630000000000e+08 1.376007220000000000e+08
1.107071630000000000e+08 1.174556350000000000e+08 1.376007220000000000e+08
1.174556350000000000e+08 1.210503650000000000e+08 1.376007220000000000e+08
1.210503650000000000e+08 1.268276750000000000e+08 1.376007220000000000e+08
1.268276750000000000e+08 1.376007220000000000e+08 1.376007220000000000e+08
