1.000000000000000000e+00 3.938267000000000000e+06 3.784273400000000000e+07
3.938267000000000000e+06 8.262606000000000000e+06 3.784273400000000000e+07
8.262606000000000000e+06 1.083521700000000000e+07 3.784273400000000000e+07
1.083521700000000000e+07 1.622634200000000000e+07 3.784273400000000000e+07
1.622634200000000000e+07 2.231698200000000000e+07 3.784273400000000000e+07
2.231698200000000000e+07 2.938090200000000000e+07 3.784273400000000000e+07
2.938090200000000000e+07 3.446287000000000000e+07 3.784273400000000000e+07
3.446287000000000000e+07 3.784273400000000000e+07 3.784273400000000000e+07
4.015000100000000000e+07 5.329177000000000000e+07 1.353484500000000000e+08
5.329177000000000000e+07 5.722414800000000000e+07 1.353484500000000000e+08
5.722414800000000000e+07 6.090595200000000000e+07 1.353484500000000000e+08
6.090595200000000000e+07 6.603858900000000000e+07 1.353484500000000000e+08
6.603858900000000000e+07 7.159700100000000000e+07 1.353484500000000000e+08
7.159700100000000000e+07 7.921064200000000000e+07 1.353484500000000000e+08
7.921064200000000000e+07 8.355048400000000000e+07 1.353484500000000000e+08
8.355048400000000000e+07 8.706212700000000000e+07 1.353484500000000000e+08
8.706212700000000000e+07 9.290474100000000000e+07 1.353484500000000000e+08
9.290474100000000000e+07 1.070926830000000000e+08 1.353484500000000000e+08
1.070926830000000000e+08 1.101543910000000000e+08 1.353484500000000000e+08
1.101543910000000000e+08 1.137888540000000000e+08 1.353484500000000000e+08
1.137888540000000000e+08 1.199507890000000000e+08 1.353484500000000000e+08
1.199507890000000000e+08 1.248881370000000000e+08 1.353484500000000000e+08
1.248881370000000000e+08 1.291933140000000000e+08 1.353484500000000000e+08
1.291933140000000000e+08 1.322201640000000000e+08 1.353484500000000000e+08
1.322201640000000000e+08 1.353484500000000000e+08 1.353484500000000000e+08
