1.000000000000000000e+00 4.336354000000000000e+06 4.375664000000000000e+07
4.336354000000000000e+06 8.785415000000000000e+06 4.375664000000000000e+07
8.785415000000000000e+06 1.431805100000000000e+07 4.375664000000000000e+07
1.431805100000000000e+07 1.861043800000000000e+07 4.375664000000000000e+07
1.861043800000000000e+07 2.281367600000000000e+07 4.375664000000000000e+07
2.281367600000000000e+07 2.862046900000000000e+07 4.375664000000000000e+07
2.862046900000000000e+07 3.309792200000000000e+07 4.375664000000000000e+07
3.309792200000000000e+07 3.688547600000000000e+07 4.375664000000000000e+07
3.688547600000000000e+07 4.375664000000000000e+07 4.375664000000000000e+07
4.560000100000000000e+07 5.299160000000000000e+07 1.462964340000000000e+08
5.299160000000000000e+07 5.799051200000000000e+07 1.462964340000000000e+08
5.799051200000000000e+07 6.181000100000000000e+07 1.462964340000000000e+08
6.181000100000000000e+07 6.576054300000000000e+07 1.462964340000000000e+08
6.576054300000000000e+07 7.217101500000000000e+07 1.462964340000000000e+08
7.217101500000000000e+07 7.643483100000000000e+07 1.462964340000000000e+08
7.643483100000000000e+07 7.989509000000000000e+07 1.462964340000000000e+08
7.989509000000000000e+07 8.403594000000000000e+07 1.462964340000000000e+08
8.403594000000000000e+07 8.974104700000000000e+07 1.462964340000000000e+08
8.974104700000000000e+07 9.422984700000000000e+07 1.462964340000000000e+08
9.422984700000000000e+07 9.939041400000000000e+07 1.462964340000000000e+08
9.939041400000000000e+07 1.067644070000000000e+08 1.462964340000000000e+08
1.067644070000000000e+08 1.114920500000000000e+08 1.462964340000000000e+08
1.114920500000000000e+08 1.157450040000000000e+08 1.462964340000000000e+08
1.157450040000000000e+08 1.190314620000000000e+08 1.462964340000000000e+08
1.190314620000000000e+08 1.232666660000000000e+08 1.462964340000000000e+08
1.232666660000000000e+08 1.275436410000000000e+08 1.462964340000000000e+08
1.275436410000000000e+08 1.301908980000000000e+08 1.462964340000000000e+08
1.301908980000000000e+08 1.348121830000000000e+08 1.462964340000000000e+08
1.348121830000000000e+08 1.378762330000000000e+08 1.462964340000000000e+08
1.378762330000000000e+08 1.411150230000000000e+08 1.462964340000000000e+08
1.411150230000000000e+08 1.462964340000000000e+08 1.462964340000000000e+08
