1.000000000000000000e+00 7.405091000000000000e+06 4.541494200000000000e+07
7.405091000000000000e+06 1.183816300000000000e+07 4.541494200000000000e+07
1.183816300000000000e+07 1.821729900000000000e+07 4.541494200000000000e+07
1.821729900000000000e+07 2.497778600000000000e+07 4.541494200000000000e+07
2.497778600000000000e+07 2.970653800000000000e+07 4.541494200000000000e+07
2.970653800000000000e+07 4.541494200000000000e+07 4.541494200000000000e+07
4.900000100000000000e+07 7.883030600000000000e+07 1.407649240000000000e+08
7.883030600000000000e+07 8.478730400000000000e+07 1.407649240000000000e+08
8.478730400000000000e+07 9.186657800000000000e+07 1.407649240000000000e+08
9.186657800000000000e+07 1.034850540000000000e+08 1.407649240000000000e+08
1.034850540000000000e+08 1.096148230000000000e+08 1.407649240000000000e+08
1.096148230000000000e+08 1.183838950000000000e+08 1.407649240000000000e+08
1.183838950000000000e+08 1.241592340000000000e+08 1.407649240000000000e+08
1.241592340000000000e+08 1.407649240000000000e+08 1.407649240000000000e+08
