1.000000000000000000e+00 6.433062000000000000e+06 5.872765600000000000e+07
6.433062000000000000e+06 1.262597100000000000e+07 5.872765600000000000e+07
1.262597100000000000e+07 1.881327400000000000e+07 5.872765600000000000e+07
1.881327400000000000e+07 2.393788000000000000e+07 5.872765600000000000e+07
2.393788000000000000e+07 4.137897900000000000e+07 5.872765600000000000e+07
4.137897900000000000e+07 5.062710200000000000e+07 5.872765600000000000e+07
5.062710200000000000e+07 5.872765600000000000e+07 5.872765600000000000e+07
6.100000100000000000e+07 7.101868700000000000e+07 1.708138440000000000e+08
7.101868700000000000e+07 7.891282900000000000e+07 1.708138440000000000e+08
7.891282900000000000e+07 8.657452600000000000e+07 1.708138440000000000e+08
8.657452600000000000e+07 9.311795100000000000e+07 1.708138440000000000e+08
9.311795100000000000e+07 9.874853700000000000e+07 1.708138440000000000e+08
9.874853700000000000e+07 1.047805150000000000e+08 1.708138440000000000e+08
1.047805150000000000e+08 1.138325320000000000e+08 1.708138440000000000e+08
1.138325320000000000e+08 1.217944260000000000e+08 1.708138440000000000e+08
1.217944260000000000e+08 1.293081070000000000e+08 1.708138440000000000e+08
1.293081070000000000e+08 1.377108420000000000e+08 1.708138440000000000e+08
1.377108420000000000e+08 1.433291190000000000e+08 1.708138440000000000e+08
1.433291190000000000e+08 1.515838440000000000e+08 1.708138440000000000e+08
1.515838440000000000e+08 1.599276400000000000e+08 1.708138440000000000e+08
1.599276400000000000e+08 1.663420430000000000e+08 1.708138440000000000e+08
1.663420430000000000e+08 1.708138440000000000e+08 1.708138440000000000e+08
