1.000000000000000000e+00 5.813088000000000000e+06 1.290651200000000000e+07
5.813088000000000000e+06 1.290651200000000000e+07 1.290651200000000000e+07
1.720000100000000000e+07 2.614625800000000000e+07 7.766730200000000000e+07
2.614625800000000000e+07 3.404463200000000000e+07 7.766730200000000000e+07
3.404463200000000000e+07 3.869635700000000000e+07 7.766730200000000000e+07
3.869635700000000000e+07 4.415429600000000000e+07 7.766730200000000000e+07
4.415429600000000000e+07 5.132976500000000000e+07 7.766730200000000000e+07
5.132976500000000000e+07 5.842706500000000000e+07 7.766730200000000000e+07
5.842706500000000000e+07 6.408539900000000000e+07 7.766730200000000000e+07
6.408539900000000000e+07 6.941840700000000000e+07 7.766730200000000000e+07
6.941840700000000000e+07 7.431331000000000000e+07 7.766730200000000000e+07
7.431331000000000000e+07 7.766730200000000000e+07 7.766730200000000000e+07
