1.000000000000000000e+00 5.721375000000000000e+06 4.375664000000000000e+07
5.721375000000000000e+06 1.458324100000000000e+07 4.375664000000000000e+07
1.458324100000000000e+07 2.087846900000000000e+07 4.375664000000000000e+07
2.087846900000000000e+07 2.965392900000000000e+07 4.375664000000000000e+07
2.965392900000000000e+07 3.530048400000000000e+07 4.375664000000000000e+07
3.530048400000000000e+07 4.375664000000000000e+07 4.375664000000000000e+07
4.560000100000000000e+07 5.582784100000000000e+07 1.442347390000000000e+08
5.582784100000000000e+07 6.200733800000000000e+07 1.442347390000000000e+08
6.200733800000000000e+07 6.985727400000000000e+07 1.442347390000000000e+08
6.985727400000000000e+07 7.697028900000000000e+07 1.442347390000000000e+08
7.697028900000000000e+07 8.316952500000000000e+07 1.442347390000000000e+08
8.316952500000000000e+07 9.041461700000000000e+07 1.442347390000000000e+08
9.041461700000000000e+07 9.791695600000000000e+07 1.442347390000000000e+08
9.791695600000000000e+07 1.080043600000000000e+08 1.442347390000000000e+08
1.080043600000000000e+08 1.153026600000000000e+08 1.442347390000000000e+08
1.153026600000000000e+08 1.211002550000000000e+08 1.442347390000000000e+08
1.211002550000000000e+08 1.273072670000000000e+08 1.442347390000000000e+08
1.273072670000000000e+08 1.323747520000000000e+08 1.442347390000000000e+08
1.323747520000000000e+08 1.378756720000000000e+08 1.442347390000000000e+08
1.378756720000000000e+08 1.442347390000000000e+08 1.442347390000000000e+08
