1.000000000000000000e+00 9.921671000000000000e+06 5.331325400000000000e+07
9.921671000000000000e+06 1.579389900000000000e+07 5.331325400000000000e+07
1.579389900000000000e+07 2.238940400000000000e+07 5.331325400000000000e+07
2.238940400000000000e+07 2.963865000000000000e+07 5.331325400000000000e+07
2.963865000000000000e+07 3.916840800000000000e+07 5.331325400000000000e+07
3.916840800000000000e+07 4.675181700000000000e+07 5.331325400000000000e+07
4.675181700000000000e+07 5.331325400000000000e+07 5.331325400000000000e+07
5.985000100000000000e+07 7.866627600000000000e+07 1.563155080000000000e+08
7.866627600000000000e+07 8.447539800000000000e+07 1.563155080000000000e+08
8.447539800000000000e+07 9.263165100000000000e+07 1.563155080000000000e+08
9.263165100000000000e+07 1.053748770000000000e+08 1.563155080000000000e+08
1.053748770000000000e+08 1.128739050000000000e+08 1.563155080000000000e+08
1.128739050000000000e+08 1.195109200000000000e+08 1.563155080000000000e+08
1.195109200000000000e+08 1.291598390000000000e+08 1.563155080000000000e+08
1.291598390000000000e+08 1.386779440000000000e+08 1.563155080000000000e+08
1.386779440000000000e+08 1.481197570000000000e+08 1.563155080000000000e+08
1.481197570000000000e+08 1.563155080000000000e+08 1.563155080000000000e+08
