1.000000000000000000e+00 5.819458000000000000e+06 9.226678100000000000e+07
5.819458000000000000e+06 1.122757500000000000e+07 9.226678100000000000e+07
1.122757500000000000e+07 1.657530900000000000e+07 9.226678100000000000e+07
1.657530900000000000e+07 2.188711400000000000e+07 9.226678100000000000e+07
2.188711400000000000e+07 3.330220000000000000e+07 9.226678100000000000e+07
3.330220000000000000e+07 4.059016400000000000e+07 9.226678100000000000e+07
4.059016400000000000e+07 4.830331100000000000e+07 9.226678100000000000e+07
4.830331100000000000e+07 5.468823800000000000e+07 9.226678100000000000e+07
5.468823800000000000e+07 6.044178900000000000e+07 9.226678100000000000e+07
6.044178900000000000e+07 6.817365700000000000e+07 9.226678100000000000e+07
6.817365700000000000e+07 7.811737100000000000e+07 9.226678100000000000e+07
7.811737100000000000e+07 8.277446500000000000e+07 9.226678100000000000e+07
8.277446500000000000e+07 9.226678100000000000e+07 9.226678100000000000e+07
9.365000100000000000e+07 1.072047430000000000e+08 2.430875100000000000e+08
1.072047430000000000e+08 1.172163220000000000e+08 2.430875100000000000e+08
1.172163220000000000e+08 1.232345720000000000e+08 2.430875100000000000e+08
1.232345720000000000e+08 1.292902590000000000e+08 2.430875100000000000e+08
1.292902590000000000e+08 1.376334400000000000e+08 2.430875100000000000e+08
1.376334400000000000e+08 1.431525200000000000e+08 2.430875100000000000e+08
1.431525200000000000e+08 1.481618890000000000e+08 2.430875100000000000e+08
1.481618890000000000e+08 1.553736970000000000e+08 2.430875100000000000e+08
1.553736970000000000e+08 1.640495320000000000e+08 2.430875100000000000e+08
1.640495320000000000e+08 1.729732270000000000e+08 2.430875100000000000e+08
1.729732270000000000e+08 1.811356290000000000e+08 2.430875100000000000e+08
1.811356290000000000e+08 1.891429410000000000e+08 2.430875100000000000e+08
1.891429410000000000e+08 1.958173160000000000e+08 2.430875100000000000e+08
1.958173160000000000e+08 2.057610210000000000e+08 2.430875100000000000e+08
2.057610210000000000e+08 2.137272010000000000e+08 2.430875100000000000e+08
2.137272010000000000e+08 2.215328450000000000e+08 2.430875100000000000e+08
2.215328450000000000e+08 2.273174570000000000e+08 2.430875100000000000e+08
2.273174570000000000e+08 2.364934430000000000e+08 2.430875100000000000e+08
2.364934430000000000e+08 2.430875100000000000e+08 2.430875100000000000e+08
