1.000000000000000000e+00 1.172903500000000000e+07 3.482066200000000000e+07
1.172903500000000000e+07 1.919316600000000000e+07 3.482066200000000000e+07
1.919316600000000000e+07 2.767899900000000000e+07 3.482066200000000000e+07
2.767899900000000000e+07 3.482066200000000000e+07 3.482066200000000000e+07
3.575000100000000000e+07 5.223563500000000000e+07 1.311104020000000000e+08
5.223563500000000000e+07 6.228804400000000000e+07 1.311104020000000000e+08
6.228804400000000000e+07 7.086162400000000000e+07 1.311104020000000000e+08
7.086162400000000000e+07 7.764487600000000000e+07 1.311104020000000000e+08
7.764487600000000000e+07 8.429145400000000000e+07 1.311104020000000000e+08
8.429145400000000000e+07 9.021176800000000000e+07 1.311104020000000000e+08
9.021176800000000000e+07 9.654737500000000000e+07 1.311104020000000000e+08
9.654737500000000000e+07 1.051219060000000000e+08 1.311104020000000000e+08
1.051219060000000000e+08 1.156201840000000000e+08 1.311104020000000000e+08
1.156201840000000000e+08 1.266065580000000000e+08 1.311104020000000000e+08
1.266065580000000000e+08 1.311104020000000000e+08 1.311104020000000000e+08
