1.000000000000000000e+00 1.085864800000000000e+07 1.213450530000000000e+08
1.085864800000000000e+07 2.259819800000000000e+07 1.213450530000000000e+08
2.259819800000000000e+07 3.712754800000000000e+07 1.213450530000000000e+08
3.712754800000000000e+07 5.358375000000000000e+07 1.213450530000000000e+08
5.358375000000000000e+07 5.974250700000000000e+07 1.213450530000000000e+08
5.974250700000000000e+07 6.822628800000000000e+07 1.213450530000000000e+08
6.822628800000000000e+07 7.442597500000000000e+07 1.213450530000000000e+08
7.442597500000000000e+07 8.179264500000000000e+07 1.213450530000000000e+08
8.179264500000000000e+07 8.893552200000000000e+07 1.213450530000000000e+08
8.893552200000000000e+07 9.868753500000000000e+07 1.213450530000000000e+08
9.868753500000000000e+07 1.059855250000000000e+08 1.213450530000000000e+08
1.059855250000000000e+08 1.146973900000000000e+08 1.213450530000000000e+08
1.146973900000000000e+08 1.213450530000000000e+08 1.213450530000000000e+08
1.252000010000000000e+08 1.646482720000000000e+08 2.492243120000000000e+08
1.646482720000000000e+08 1.756078290000000000e+08 2.492243120000000000e+08
1.756078290000000000e+08 1.872288830000000000e+08 2.492243120000000000e+08
1.872288830000000000e+08 1.920773850000000000e+08 2.492243120000000000e+08
1.920773850000000000e+08 1.993809490000000000e+08 2.492243120000000000e+08
1.993809490000000000e+08 2.094562110000000000e+08 2.492243120000000000e+08
2.094562110000000000e+08 2.183494150000000000e+08 2.492243120000000000e+08
2.183494150000000000e+08 2.263190300000000000e+08 2.492243120000000000e+08
2.263190300000000000e+08 2.347851590000000000e+08 2.492243120000000000e+08
2.347851590000000000e+08 2.416078970000000000e+08 2.492243120000000000e+08
2.416078970000000000e+08 2.492243120000000000e+08 2.492243120000000000e+08
