1.000000000000000000e+00 5.679534000000000000e+06 4.261426600000000000e+07
5.679534000000000000e+06 1.162324600000000000e+07 4.261426600000000000e+07
1.162324600000000000e+07 1.740930100000000000e+07 4.261426600000000000e+07
1.740930100000000000e+07 2.316226500000000000e+07 4.261426600000000000e+07
2.316226500000000000e+07 2.803212100000000000e+07 4.261426600000000000e+07
2.803212100000000000e+07 3.340068700000000000e+07 4.261426600000000000e+07
3.340068700000000000e+07 4.261426600000000000e+07 4.261426600000000000e+07
4.840000100000000000e+07 5.699710800000000000e+07 1.745149580000000000e+08
5.699710800000000000e+07 6.563478100000000000e+07 1.745149580000000000e+08
6.563478100000000000e+07 7.385297400000000000e+07 1.745149580000000000e+08
7.385297400000000000e+07 8.407759200000000000e+07 1.745149580000000000e+08
8.407759200000000000e+07 8.925077200000000000e+07 1.745149580000000000e+08
8.925077200000000000e+07 9.670678300000000000e+07 1.745149580000000000e+08
9.670678300000000000e+07 1.032909130000000000e+08 1.745149580000000000e+08
1.032909130000000000e+08 1.079389860000000000e+08 1.745149580000000000e+08
1.079389860000000000e+08 1.162894150000000000e+08 1.745149580000000000e+08
1.162894150000000000e+08 1.216854110000000000e+08 1.745149580000000000e+08
1.216854110000000000e+08 1.285561210000000000e+08 1.745149580000000000e+08
1.285561210000000000e+08 1.412093070000000000e+08 1.745149580000000000e+08
1.412093070000000000e+08 1.483389580000000000e+08 1.745149580000000000e+08
1.483389580000000000e+08 1.573223260000000000e+08 1.745149580000000000e+08
1.573223260000000000e+08 1.633864400000000000e+08 1.745149580000000000e+08
1.633864400000000000e+08 1.673216780000000000e+08 1.745149580000000000e+08
1.673216780000000000e+08 1.745149580000000000e+08 1.745149580000000000e+08
