1.000000000000000000e+00 5.108733000000000000e+06 8.694342600000000000e+07
5.108733000000000000e+06 1.125280800000000000e+07 8.694342600000000000e+07
1.125280800000000000e+07 2.061841800000000000e+07 8.694342600000000000e+07
2.061841800000000000e+07 2.602087600000000000e+07 8.694342600000000000e+07
2.602087600000000000e+07 3.195254400000000000e+07 8.694342600000000000e+07
3.195254400000000000e+07 4.112643700000000000e+07 8.694342600000000000e+07
4.112643700000000000e+07 5.974119000000000000e+07 8.694342600000000000e+07
5.974119000000000000e+07 6.516376000000000000e+07 8.694342600000000000e+07
6.516376000000000000e+07 7.132200600000000000e+07 8.694342600000000000e+07
7.132200600000000000e+07 7.680489000000000000e+07 8.694342600000000000e+07
7.680489000000000000e+07 8.207073600000000000e+07 8.694342600000000000e+07
8.207073600000000000e+07 8.694342600000000000e+07 8.694342600000000000e+07
9.090000100000000000e+07 1.023064350000000000e+08 1.978525640000000000e+08
1.023064350000000000e+08 1.070271570000000000e+08 1.978525640000000000e+08
1.070271570000000000e+08 1.150908480000000000e+08 1.978525640000000000e+08
1.150908480000000000e+08 1.238768830000000000e+08 1.978525640000000000e+08
1.238768830000000000e+08 1.354263390000000000e+08 1.978525640000000000e+08
1.354263390000000000e+08 1.445948190000000000e+08 1.978525640000000000e+08
1.445948190000000000e+08 1.506253750000000000e+08 1.978525640000000000e+08
1.506253750000000000e+08 1.588882840000000000e+08 1.978525640000000000e+08
1.588882840000000000e+08 1.656407200000000000e+08 1.978525640000000000e+08
1.656407200000000000e+08 1.727049770000000000e+08 1.978525640000000000e+08
1.727049770000000000e+08 1.776754290000000000e+08 1.978525640000000000e+08
1.776754290000000000e+08 1.860515360000000000e+08 1.978525640000000000e+08
1.860515360000000000e+08 1.917340220000000000e+08 1.978525640000000000e+08
1.917340220000000000e+08 1.978525640000000000e+08 1.978525640000000000e+08
