1.000000000000000000e+00 6.320940000000000000e+06 3.784273400000000000e+07
6.320940000000000000e+06 1.102361500000000000e+07 3.784273400000000000e+07
1.102361500000000000e+07 1.995778100000000000e+07 3.784273400000000000e+07
1.995778100000000000e+07 3.007408700000000000e+07 3.784273400000000000e+07
3.007408700000000000e+07 3.784273400000000000e+07 3.784273400000000000e+07
4.015000100000000000e+07 5.520605000000000000e+07 1.353484500000000000e+08
5.520605000000000000e+07 6.137955900000000000e+07 1.353484500000000000e+08
6.137955900000000000e+07 6.799203400000000000e+07 1.353484500000000000e+08
6.799203400000000000e+07 7.997060600000000000e+07 1.353484500000000000e+08
7.997060600000000000e+07 8.580766100000000000e+07 1.353484500000000000e+08
8.580766100000000000e+07 9.560422700000000000e+07 1.353484500000000000e+08
9.560422700000000000e+07 1.095379600000000000e+08 1.353484500000000000e+08
1.095379600000000000e+08 1.151085640000000000e+08 1.353484500000000000e+08
1.151085640000000000e+08 1.234316080000000000e+08 1.353484500000000000e+08
1.234316080000000000e+08 1.303970730000000000e+08 1.353484500000000000e+08
1.303970730000000000e+08 1.353484500000000000e+08 1.353484500000000000e+08
