1.000000000000000000e+00 2.913504900000000000e+07 1.150984910000000000e+08
2.913504900000000000e+07 3.625770700000000000e+07 1.150984910000000000e+08
3.625770700000000000e+07 4.432248400000000000e+07 1.150984910000000000e+08
4.432248400000000000e+07 5.380378600000000000e+07 1.150984910000000000e+08
5.380378600000000000e+07 5.846358800000000000e+07 1.150984910000000000e+08
5.846358800000000000e+07 6.346353300000000000e+07 1.150984910000000000e+08
6.346353300000000000e+07 6.801409000000000000e+07 1.150984910000000000e+08
6.801409000000000000e+07 7.279967300000000000e+07 1.150984910000000000e+08
7.279967300000000000e+07 7.797843400000000000e+07 1.150984910000000000e+08
7.797843400000000000e+07 8.316520600000000000e+07 1.150984910000000000e+08
8.316520600000000000e+07 8.770010000000000000e+07 1.150984910000000000e+08
8.770010000000000000e+07 9.200874700000000000e+07 1.150984910000000000e+08
9.200874700000000000e+07 9.839887400000000000e+07 1.150984910000000000e+08
9.839887400000000000e+07 1.054704440000000000e+08 1.150984910000000000e+08
1.054704440000000000e+08 1.101369800000000000e+08 1.150984910000000000e+08
1.101369800000000000e+08 1.150984910000000000e+08 1.150984910000000000e+08
