1.000000000000000000e+00 2.767031300000000000e+07 1.015433590000000000e+08
2.767031300000000000e+07 3.372264600000000000e+07 1.015433590000000000e+08
3.372264600000000000e+07 4.090205400000000000e+07 1.015433590000000000e+08
4.090205400000000000e+07 4.624307900000000000e+07 1.015433590000000000e+08
4.624307900000000000e+07 5.399416200000000000e+07 1.015433590000000000e+08
5.399416200000000000e+07 6.272418600000000000e+07 1.015433590000000000e+08
6.272418600000000000e+07 7.671203600000000000e+07 1.015433590000000000e+08
7.671203600000000000e+07 8.318364700000000000e+07 1.015433590000000000e+08
8.318364700000000000e+07 8.735724900000000000e+07 1.015433590000000000e+08
8.735724900000000000e+07 9.622159600000000000e+07 1.015433590000000000e+08
9.622159600000000000e+07 1.015433590000000000e+08 1.015433590000000000e+08
