1.000000000000000000e+00 1.154321500000000000e+07 4.499279900000000000e+07
1.154321500000000000e+07 1.683824100000000000e+07 4.499279900000000000e+07
1.683824100000000000e+07 2.189205600000000000e+07 4.499279900000000000e+07
2.189205600000000000e+07 2.768784900000000000e+07 4.499279900000000000e+07
2.768784900000000000e+07 3.211631100000000000e+07 4.499279900000000000e+07
3.211631100000000000e+07 3.683583600000000000e+07 4.499279900000000000e+07
3.683583600000000000e+07 4.499279900000000000e+07 4.499279900000000000e+07
5.045000100000000000e+07 5.984982500000000000e+07 1.904371230000000000e+08
5.984982500000000000e+07 6.485201800000000000e+07 1.904371230000000000e+08
6.485201800000000000e+07 7.526860500000000000e+07 1.904371230000000000e+08
7.526860500000000000e+07 8.350429100000000000e+07 1.904371230000000000e+08
8.350429100000000000e+07 9.269024600000000000e+07 1.904371230000000000e+08
9.269024600000000000e+07 1.003247290000000000e+08 1.904371230000000000e+08
1.003247290000000000e+08 1.087520940000000000e+08 1.904371230000000000e+08
1.087520940000000000e+08 1.162194390000000000e+08 1.904371230000000000e+08
1.162194390000000000e+08 1.230095820000000000e+08 1.904371230000000000e+08
1.230095820000000000e+08 1.294678020000000000e+08 1.904371230000000000e+08
1.294678020000000000e+08 1.346949750000000000e+08 1.904371230000000000e+08
1.346949750000000000e+08 1.392336020000000000e+08 1.904371230000000000e+08
1.392336020000000000e+08 1.480174850000000000e+08 1.904371230000000000e+08
1.480174850000000000e+08 1.559188130000000000e+08 1.904371230000000000e+08
1.559188130000000000e+08 1.620537360000000000e+08 1.904371230000000000e+08
1.620537360000000000e+08 1.684845400000000000e+08 1.904371230000000000e+08
1.684845400000000000e+08 1.748195910000000000e+08 1.904371230000000000e+08
1.748195910000000000e+08 1.801217260000000000e+08 1.904371230000000000e+08
1.801217260000000000e+08 1.848537670000000000e+08 1.904371230000000000e+08
1.848537670000000000e+08 1.904371230000000000e+08 1.904371230000000000e+08
