1.000000000000000000e+00 1.300336500000000000e+07 4.622685800000000000e+07
1.300336500000000000e+07 2.179186900000000000e+07 4.622685800000000000e+07
2.179186900000000000e+07 2.775949000000000000e+07 4.622685800000000000e+07
2.775949000000000000e+07 3.561542400000000000e+07 4.622685800000000000e+07
3.561542400000000000e+07 4.056914600000000000e+07 4.622685800000000000e+07
4.056914600000000000e+07 4.622685800000000000e+07 4.622685800000000000e+07
5.365000100000000000e+07 7.892243500000000000e+07 1.346471940000000000e+08
7.892243500000000000e+07 8.439278600000000000e+07 1.346471940000000000e+08
8.439278600000000000e+07 9.240251200000000000e+07 1.346471940000000000e+08
9.240251200000000000e+07 9.875053400000000000e+07 1.346471940000000000e+08
9.875053400000000000e+07 1.062297880000000000e+08 1.346471940000000000e+08
1.062297880000000000e+08 1.146985340000000000e+08 1.346471940000000000e+08
1.146985340000000000e+08 1.220316880000000000e+08 1.346471940000000000e+08
1.220316880000000000e+08 1.292179520000000000e+08 1.346471940000000000e+08
1.292179520000000000e+08 1.346471940000000000e+08 1.346471940000000000e+08
